20:06:38,393 21.03.2025;3,374730;1,045962
20:06:38,644 21.03.2025;4,350752;1,521579
20:06:38,894 21.03.2025;3,372464;1,288561
20:06:39,144 21.03.2025;3,462403;1,859983
20:06:39,395 21.03.2025;4,828556;1,021442
20:06:42,835 21.03.2025;4,451313;1,690811
20:06:43,084 21.03.2025;3,975855;1,150477
20:06:43,335 21.03.2025;3,467538;1,352521
20:06:43,585 21.03.2025;3,624234;1,978584
20:06:43,835 21.03.2025;3,028822;1,438698
20:06:44,086 21.03.2025;4,689580;1,665612
20:06:44,335 21.03.2025;4,702603;1,535331
20:06:44,586 21.03.2025;3,370791;1,089916
20:06:44,835 21.03.2025;4,021151;1,697753
20:06:45,086 21.03.2025;3,491453;1,213974
20:06:45,335 21.03.2025;4,871435;1,384106
20:06:45,586 21.03.2025;3,175019;1,201067
20:06:45,836 21.03.2025;4,282038;1,887621
20:06:46,086 21.03.2025;4,320812;1,170539
20:06:46,336 21.03.2025;3,056087;1,707307
20:06:46,586 21.03.2025;4,059570;1,141773
20:06:46,836 21.03.2025;4,644332;1,084944
20:06:47,086 21.03.2025;3,202749;1,481626
20:06:47,335 21.03.2025;3,566570;1,258834
20:06:47,586 21.03.2025;4,140991;1,273246
20:06:47,835 21.03.2025;3,187776;1,577440
20:06:48,086 21.03.2025;4,187522;1,100574
20:06:48,335 21.03.2025;4,266862;1,146066
20:06:48,586 21.03.2025;3,804139;1,890138
20:06:48,836 21.03.2025;3,402337;1,993365
20:06:49,087 21.03.2025;3,531520;1,495028
20:06:49,337 21.03.2025;3,848777;1,812277
20:06:49,587 21.03.2025;3,250808;1,351845
20:06:49,837 21.03.2025;3,978594;1,353651
20:06:50,087 21.03.2025;4,182206;1,615402
20:06:50,336 21.03.2025;3,618203;1,994789
20:06:50,587 21.03.2025;4,059517;1,923246
20:06:50,837 21.03.2025;4,328703;1,247814
20:06:51,088 21.03.2025;3,194905;1,105701
20:06:51,338 21.03.2025;3,700711;1,411251
20:06:51,588 21.03.2025;3,680283;1,711874
20:06:51,838 21.03.2025;3,943064;1,292087
20:06:52,088 21.03.2025;3,577110;1,367861
20:06:52,338 21.03.2025;3,901651;1,538207
20:06:52,588 21.03.2025;3,258963;1,410293
20:06:52,838 21.03.2025;4,370244;1,878983
20:06:53,088 21.03.2025;3,984603;1,993307
20:06:53,337 21.03.2025;3,017564;1,712090
20:06:53,588 21.03.2025;4,978350;1,796754
20:06:53,838 21.03.2025;3,008757;1,708211
20:06:54,088 21.03.2025;3,595805;1,652591
20:06:54,338 21.03.2025;3,362122;1,377504
20:06:54,588 21.03.2025;4,551655;1,571463
20:06:54,839 21.03.2025;3,668809;1,367582
20:06:55,089 21.03.2025;4,468552;1,898935
20:06:55,339 21.03.2025;3,538248;1,477762
20:06:55,589 21.03.2025;4,806665;1,199786
20:06:55,839 21.03.2025;4,921483;1,268447
20:06:56,089 21.03.2025;4,406644;1,478905
20:06:56,339 21.03.2025;4,199612;1,586507
20:06:56,589 21.03.2025;3,014920;1,476614
20:06:56,839 21.03.2025;4,761226;1,686430
20:06:57,089 21.03.2025;3,120373;1,440987
20:06:57,338 21.03.2025;3,095322;1,081248
20:06:57,588 21.03.2025;4,771764;1,792784
20:06:57,839 21.03.2025;4,037460;1,649031
20:06:58,088 21.03.2025;3,824044;1,685134
20:06:58,339 21.03.2025;4,588950;1,856122
20:06:58,588 21.03.2025;4,002465;1,818184
20:06:58,840 21.03.2025;3,016267;1,354813
20:06:59,090 21.03.2025;4,817700;1,697306
20:06:59,340 21.03.2025;4,898848;1,359444
20:06:59,591 21.03.2025;4,848964;1,933569
20:06:59,841 21.03.2025;3,382001;1,471669
20:07:00,090 21.03.2025;3,957118;1,296101
20:07:00,340 21.03.2025;3,912309;1,805931
20:07:00,590 21.03.2025;3,204456;1,728937
20:07:00,841 21.03.2025;4,518661;1,069049
20:07:01,091 21.03.2025;4,447869;1,213862
20:07:01,341 21.03.2025;3,381260;1,529793
20:07:01,591 21.03.2025;3,803797;1,214053
20:07:01,842 21.03.2025;3,561601;1,165062
20:07:02,092 21.03.2025;3,565008;1,147454
20:07:02,341 21.03.2025;4,469958;1,206563
20:07:02,593 21.03.2025;3,064155;1,784696
20:07:02,843 21.03.2025;3,312534;1,925480
20:07:03,094 21.03.2025;3,894251;1,781534
20:07:03,345 21.03.2025;4,987086;1,622430
20:07:03,594 21.03.2025;3,061940;1,007746
20:07:03,845 21.03.2025;4,245194;1,924950
20:07:04,095 21.03.2025;4,145940;1,745553
20:07:04,345 21.03.2025;3,956673;1,844413
20:07:04,595 21.03.2025;4,971904;1,582471
20:07:44,265 21.03.2025;4,995392;1,000000
20:07:44,516 21.03.2025;3,818016;1,000000
20:07:44,766 21.03.2025;3,150986;1,000000
20:07:45,017 21.03.2025;4,326329;1,000000
20:07:45,267 21.03.2025;3,570694;1,000000
20:07:45,517 21.03.2025;4,558697;1,000000
20:07:45,768 21.03.2025;4,016150;1,000000
20:07:46,018 21.03.2025;3,600259;1,000000
20:07:46,268 21.03.2025;3,677325;1,000000
20:07:46,518 21.03.2025;4,622975;1,000000
20:07:46,768 21.03.2025;4,525891;1,000000
20:07:47,018 21.03.2025;3,172688;1,000000
20:07:47,268 21.03.2025;3,361023;1,000000
20:07:47,518 21.03.2025;4,679169;1,000000
20:07:47,767 21.03.2025;4,633284;1,000000
20:07:48,018 21.03.2025;3,418211;1,000000
20:07:48,268 21.03.2025;3,024459;1,000000
20:07:48,518 21.03.2025;4,098822;1,000000
20:07:48,767 21.03.2025;3,859946;1,000000
20:07:49,018 21.03.2025;3,569297;1,000000
20:07:49,268 21.03.2025;4,243070;1,000000
20:07:49,518 21.03.2025;3,631494;1,000000
20:07:49,768 21.03.2025;4,324222;1,000000
20:07:50,018 21.03.2025;3,208564;1,000000
20:07:50,268 21.03.2025;3,483596;1,000000
20:07:50,517 21.03.2025;3,187540;1,000000
20:07:50,768 21.03.2025;4,700130;1,000000
20:07:51,019 21.03.2025;4,895129;1,000000
20:07:51,269 21.03.2025;4,770106;1,000000
20:07:51,519 21.03.2025;3,954656;1,000000
20:07:51,768 21.03.2025;3,830169;1,000000
20:07:52,019 21.03.2025;4,992149;1,000000
20:07:52,269 21.03.2025;4,329071;1,000000
20:07:52,519 21.03.2025;3,663190;1,000000
20:07:52,769 21.03.2025;4,127587;1,000000
20:07:53,019 21.03.2025;3,712571;1,000000
20:07:53,269 21.03.2025;4,746422;1,000000
20:07:53,519 21.03.2025;4,956728;1,000000
20:07:53,770 21.03.2025;3,905343;1,000000
20:07:58,423 21.03.2025;3,642782;2,000000
20:07:58,674 21.03.2025;4,996497;2,000000
20:07:58,924 21.03.2025;3,727044;2,000000
20:07:59,175 21.03.2025;3,348049;2,000000
20:07:59,425 21.03.2025;3,823253;2,000000
20:07:59,675 21.03.2025;3,669578;2,000000
20:07:59,925 21.03.2025;4,519325;2,000000
20:08:00,176 21.03.2025;3,356396;2,000000
20:08:00,426 21.03.2025;3,665586;2,000000
20:08:00,676 21.03.2025;4,218755;2,000000
20:08:00,926 21.03.2025;4,822171;2,000000
20:08:01,176 21.03.2025;4,156126;2,000000
20:08:01,425 21.03.2025;4,448651;2,000000
20:08:01,676 21.03.2025;4,568159;2,000000
20:08:01,927 21.03.2025;4,527025;2,000000
20:08:02,177 21.03.2025;3,183889;2,000000
20:08:02,427 21.03.2025;4,656588;2,000000
20:08:02,677 21.03.2025;4,957570;2,000000
20:08:02,927 21.03.2025;3,946740;2,000000
20:08:03,176 21.03.2025;4,275958;2,000000
20:08:03,427 21.03.2025;3,574010;2,000000
20:08:03,677 21.03.2025;3,337779;2,000000
20:08:03,927 21.03.2025;4,380026;2,000000
20:08:04,178 21.03.2025;4,689955;2,000000
20:08:04,427 21.03.2025;4,931590;2,000000
20:08:04,679 21.03.2025;3,071685;2,000000
20:08:04,929 21.03.2025;3,484690;2,000000
20:08:05,179 21.03.2025;3,281463;2,000000
20:08:05,429 21.03.2025;4,153069;2,000000
20:08:05,679 21.03.2025;4,914978;2,000000
20:08:05,929 21.03.2025;4,407732;2,000000
20:08:06,178 21.03.2025;3,984271;2,000000
20:08:06,429 21.03.2025;4,062564;2,000000
20:08:06,679 21.03.2025;4,094693;2,000000
20:08:06,928 21.03.2025;4,271635;2,000000
20:08:07,179 21.03.2025;4,007262;2,000000
20:08:07,428 21.03.2025;4,754283;2,000000
20:08:07,679 21.03.2025;3,436545;2,000000
20:08:07,929 21.03.2025;4,476104;2,000000
20:08:08,179 21.03.2025;3,221872;2,000000
20:08:08,428 21.03.2025;4,969489;2,000000
20:08:08,679 21.03.2025;4,936668;2,000000
20:08:08,928 21.03.2025;3,263044;2,000000
20:08:09,179 21.03.2025;4,228205;2,000000
20:08:09,429 21.03.2025;3,383269;2,000000
20:08:09,679 21.03.2025;4,053107;2,000000
20:08:09,929 21.03.2025;4,752767;2,000000
20:08:10,180 21.03.2025;3,958750;2,000000
20:08:10,430 21.03.2025;3,087940;2,000000
20:08:10,680 21.03.2025;3,877797;2,000000
20:08:10,930 21.03.2025;3,640184;2,000000
20:08:11,180 21.03.2025;3,013560;2,000000
20:08:11,431 21.03.2025;3,862699;2,000000
20:08:11,681 21.03.2025;4,615208;2,000000
20:08:11,931 21.03.2025;3,247866;2,000000
20:08:12,181 21.03.2025;3,886101;2,000000
20:08:12,432 21.03.2025;3,237607;2,000000
20:08:12,682 21.03.2025;4,351470;2,000000
20:08:12,932 21.03.2025;3,901118;2,000000
20:08:13,182 21.03.2025;4,902890;2,000000
20:08:13,432 21.03.2025;4,197749;2,000000
20:08:13,683 21.03.2025;4,033106;2,000000
20:08:13,934 21.03.2025;4,414621;2,000000
20:08:14,183 21.03.2025;3,370234;2,000000
20:09:31,658 21.03.2025;4,082949;1,473815
20:09:31,908 21.03.2025;3,678289;1,771081
20:09:32,157 21.03.2025;4,279674;1,856829
20:09:32,408 21.03.2025;3,141727;1,155284
20:09:32,657 21.03.2025;4,381870;1,191876
20:09:32,909 21.03.2025;4,639750;1,438489
20:09:33,159 21.03.2025;3,852407;1,061514
20:09:33,410 21.03.2025;4,298781;1,669701
20:09:33,659 21.03.2025;4,571700;1,887674
20:09:33,909 21.03.2025;3,408432;1,208535
20:09:34,160 21.03.2025;3,152825;1,512756
20:09:34,410 21.03.2025;4,329154;1,771236
20:09:34,660 21.03.2025;3,233460;1,351451
20:09:34,910 21.03.2025;3,467362;1,824665
20:09:35,160 21.03.2025;3,347902;1,983069
20:09:35,409 21.03.2025;4,795262;1,674831
20:09:35,660 21.03.2025;3,742861;1,091283
20:09:35,909 21.03.2025;4,080397;1,394309
20:09:36,159 21.03.2025;3,428484;1,824829
20:09:36,411 21.03.2025;4,643638;1,478663
20:09:36,661 21.03.2025;4,500415;1,561798
20:09:36,911 21.03.2025;4,871562;1,854700
20:09:37,160 21.03.2025;4,187916;1,639486
20:09:37,412 21.03.2025;3,903937;1,758608
20:09:37,662 21.03.2025;4,362102;1,412612
20:09:37,912 21.03.2025;4,222696;1,179552
20:09:38,162 21.03.2025;4,486931;1,914055
20:09:38,411 21.03.2025;3,804841;1,179193
20:09:38,661 21.03.2025;4,658745;1,597032
20:09:38,912 21.03.2025;3,379891;1,446963
20:09:39,164 21.03.2025;4,861759;1,802767
20:09:39,414 21.03.2025;4,644611;1,704514
20:09:39,664 21.03.2025;4,783079;1,628535
20:09:39,914 21.03.2025;3,607545;1,786008
20:09:40,164 21.03.2025;3,923190;1,351596
20:09:40,414 21.03.2025;3,386544;1,314417
20:09:40,665 21.03.2025;4,726440;1,358121
20:09:40,915 21.03.2025;4,735147;1,044408
20:09:41,165 21.03.2025;3,036627;1,062516
20:09:41,414 21.03.2025;3,815931;1,699283
20:09:41,666 21.03.2025;3,683257;1,628997
20:09:41,917 21.03.2025;3,198093;1,728748
20:09:42,166 21.03.2025;4,973211;1,585884
20:09:42,417 21.03.2025;4,970771;1,156279
20:09:42,667 21.03.2025;4,708132;1,576770
20:09:42,917 21.03.2025;4,663691;1,751773
20:09:43,166 21.03.2025;4,480052;1,080426
20:09:43,416 21.03.2025;3,577821;1,160654
20:09:43,666 21.03.2025;3,016321;1,949684
20:09:43,916 21.03.2025;4,845700;1,369309
20:09:44,167 21.03.2025;4,163819;1,623538
20:09:44,416 21.03.2025;4,242399;1,916636
20:09:44,668 21.03.2025;4,623788;1,471882
20:09:44,918 21.03.2025;4,848563;1,012308
20:09:45,167 21.03.2025;4,493352;1,522211
20:09:45,419 21.03.2025;4,213178;1,739651
20:09:45,668 21.03.2025;3,777193;1,078264
20:09:45,918 21.03.2025;3,682631;1,958053
20:09:46,168 21.03.2025;3,202876;1,540683
20:09:46,418 21.03.2025;4,682209;1,299501
20:09:46,668 21.03.2025;3,915624;1,088003
20:09:46,919 21.03.2025;3,353843;1,692557
20:09:47,169 21.03.2025;3,794838;1,253838
20:09:47,419 21.03.2025;4,668965;1,772352
20:09:47,668 21.03.2025;4,214883;1,752996
20:09:47,919 21.03.2025;4,595374;1,247603
20:09:48,170 21.03.2025;4,575067;1,604103
20:09:48,420 21.03.2025;4,911758;1,874852
20:09:48,670 21.03.2025;3,840418;1,090643
20:09:48,920 21.03.2025;4,888299;1,724857
20:09:49,170 21.03.2025;3,401680;1,298532
20:09:49,420 21.03.2025;3,342510;1,634872
20:09:49,670 21.03.2025;3,164036;1,258424
20:09:49,919 21.03.2025;3,630058;1,725655
20:09:50,170 21.03.2025;4,709837;1,388088
20:09:50,419 21.03.2025;3,954545;1,416095
20:09:50,670 21.03.2025;4,061032;1,572187
20:09:50,921 21.03.2025;3,394144;1,607405
20:09:51,172 21.03.2025;4,190688;1,867164
20:09:51,422 21.03.2025;4,798146;1,720437
20:09:51,672 21.03.2025;4,247939;1,648285
20:09:51,922 21.03.2025;3,350188;1,922222
20:09:52,173 21.03.2025;3,032077;1,501140
20:09:52,423 21.03.2025;3,761254;1,321234
20:09:52,672 21.03.2025;3,683740;1,424552
20:09:52,923 21.03.2025;3,665027;1,581416
20:09:53,173 21.03.2025;4,055144;1,633108
20:09:53,424 21.03.2025;3,619854;1,284205
20:09:53,674 21.03.2025;3,380349;1,528424
20:09:53,925 21.03.2025;3,462948;1,422103
20:09:54,175 21.03.2025;4,815791;1,378570
20:09:54,425 21.03.2025;4,217792;1,668641
20:09:54,675 21.03.2025;3,146399;1,086404
20:09:54,925 21.03.2025;4,878468;1,801344
20:09:55,175 21.03.2025;3,711016;1,186868
20:09:55,425 21.03.2025;3,841646;1,477589
20:09:55,675 21.03.2025;4,238316;1,854757
20:09:55,925 21.03.2025;3,516973;1,557890
20:09:56,175 21.03.2025;3,973937;1,954235
20:09:56,426 21.03.2025;3,111928;1,311432
20:09:56,676 21.03.2025;4,402641;1,279774
